unique feature count: 2783
feature_name, unique_value, total_count
1814, 6128, 57001
0102, 8442, 56461
2302, 31, 56225
190, 6920, 56170
0113, 8869, 55968
0114, 6049, 55956
0116, 700, 55844
191, 16406, 55617
1001, 3964, 55601
2403, 913, 55251
2404, 526, 55251
3191, 13, 54978
3192, 17, 54978
3195, 20, 54978
3197, 7, 54978
3430, 32, 54978
1840, 45, 54973
3193, 31, 54936
2405, 515, 54908
0117, 4839, 54895
0118, 4403, 54893
3196, 23, 54871
3190, 19, 54803
1815, 3924, 54248
1850, 1248, 52639
10004, 993, 52054
300005, 312, 51272
0115, 125, 50944
3429, 331, 50295
3730, 37, 50210
0409, 3393, 48083
0426, 111, 47809
0421, 71, 47590
0434, 2668, 47276
0424, 315, 46210
0420, 18, 45848
0430, 6, 45777
0101, 20012, 45623
0431, 10, 45400
192, 2986, 44686
0413, 133, 43616
0954, 6895, 42626
0911, 122, 42606
0947, 151, 42593
0949, 247, 42549
0912, 309, 42219
0407, 13, 41285
100010, 30, 40666
0423, 37, 40502
0901, 55, 40106
0435, 76, 40027
1308, 5521, 39877
1117, 6082, 39123
0929, 358, 39121
0432, 5, 38817
193, 1337, 38713
0433, 8, 38648
0406, 24, 37912
0985, 132, 37673
0974, 53, 37614
0975, 192, 37534
0976, 11, 37320
3207, 24, 37075
0405, 52, 36972
1301, 149, 36878
1302, 343, 36609
0978, 1190, 35603
3399, 12, 34912
1115, 6188, 34446
1304, 8, 34421
0979, 3, 34251
3400, 11, 34213
A202, 5419, 34107
1303, 31, 33870
A201, 10156, 33869
314, 1819, 33333
0222, 3955, 32882
0202, 97, 32852
0217, 138, 32845
0203, 226, 32814
0980, 2, 32532
0201, 68, 32415
0208, 109, 31732
0207, 18, 31434
1305, 62, 31299
0119, 277, 31291
0210, 120, 31178
0212, 11, 31080
183, 2452, 31049
0216, 29, 30703
2174, 1813, 30333
10002, 2287, 30215
0215, 184, 30178
0209, 232, 30122
0973, 28, 29944
1315, 27, 29697
1314, 225, 28427
0120, 8055, 28277
0206, 12, 28247
1313, 26, 28026
10003, 2162, 27626
0425, 28, 26899
1102, 1459, 26760
31, 435, 26600
315, 898, 26600
316, 441, 26600
319, 739, 26600
37, 1316, 26600
38, 1438, 26600
312, 967, 26393
32, 852, 26355
1322, 37, 26276
1321, 37, 26273
100006, 401, 26239
313, 332, 26229
317, 296, 26229
2333, 1661, 26229
33, 554, 26143
2372, 2198, 25972
1845, 263, 25735
320, 253, 25456
1103, 5387, 25222
1328, 17, 25139
0977, 2, 23625
0709, 7786, 22693
100007, 734, 22608
0707, 43, 22563
0702, 400, 22501
0703, 1038, 22498
0706, 160, 22495
0705, 247, 22440
1316, 524, 22327
3601, 528, 22152
0731, 1097, 21998
0972, 148, 21355
0715, 150, 21299
0730, 320, 21285
39, 668, 21216
0124, 66, 21101
34, 176, 21004
0726, 26, 20909
0403, 8, 20795
0429, 18, 20692
2406, 647, 19857
0121, 8263, 19532
0122, 846, 19532
0123, 937, 19531
100005, 430, 19422
0728, 4, 19235
0539, 7438, 18569
0503, 755, 18568
0501, 96, 18566
0509, 2134, 18554
0516, 554, 18219
0537, 73, 18115
0541, 69, 18115
300036, 1848, 17100
2228, 138, 16801
3486, 14, 16165
2229, 240, 16055
2230, 89, 15906
2231, 280, 15906
30007, 31, 15888
2233, 287, 15873
2501, 563, 15801
3485, 24, 15670
1329, 101, 15547
3189, 16, 14915
2420, 94, 14739
0422, 3, 14074
1345, 3904, 13836
A601, 20, 13801
0427, 10, 13398
155, 2604, 13220
3301, 2292, 13184
4001, 198, 12577
3194, 11, 12568
269004, 198, 12491
269018, 388, 12491
269020, 890, 12491
269021, 363, 12490
269022, 62, 12490
269023, 260, 12490
269024, 32, 12490
269015, 272, 12485
269025, 202, 12422
269013, 374, 12323
1127, 4279, 12284
269003, 383, 12279
269006, 629, 12279
269008, 212, 12279
269009, 363, 12279
269010, 700, 12279
269012, 258, 12279
269017, 1049, 12279
269019, 1013, 12279
269014, 896, 12273
269016, 562, 12273
269005, 230, 12049
269011, 2394, 11938
360, 20, 11848
1402, 1290, 11572
0225, 215, 11300
0440, 21, 11233
0983, 56, 11161
0981, 15, 10947
269007, 361, 10872
0982, 8, 10852
0984, 38, 10770
1325, 28, 10643
1326, 32, 10642
979012, 390, 10381
979016, 520, 10329
979021, 596, 10329
979003, 238, 10328
979004, 855, 10328
979007, 287, 10328
979008, 371, 10328
979009, 782, 10328
979011, 350, 10328
979015, 1403, 10328
979017, 1052, 10328
979020, 1496, 10328
979022, 1435, 10328
979023, 943, 10328
979001, 342, 10277
979013, 50, 10168
979014, 462, 10168
979018, 85, 10166
979019, 572, 10166
0436, 66, 10087
979002, 342, 10070
979006, 500, 9931
979005, 180, 9423
1330, 714, 8718
300021, 2998, 8718
300019, 588, 8694
0428, 3, 8643
1106, 205, 8570
139, 1046, 8534
809001, 1053, 8523
300018, 801, 8413
1107, 198, 8360
0987, 317, 8172
0414, 2, 8097
143, 1861, 8086
669002, 676, 8021
669001, 1042, 7905
669006, 1813, 7702
1474, 5534, 7649
300017, 1315, 7587
A302, 1397, 7528
A301, 2651, 7500
100014, 2330, 7389
809009, 229, 7333
809008, 1176, 7213
100012, 2189, 7044
1112, 462, 7042
669005, 1851, 7035
809004, 522, 6946
2386, 2785, 6872
0415, 4, 6845
2177, 1260, 6789
100013, 1227, 6761
809017, 1415, 6683
0546, 642, 6663
669009, 4564, 6614
300092, 292, 6589
809025, 580, 6564
809026, 76, 6564
809023, 265, 6540
10009, 2435, 6509
300008, 87, 6457
809021, 297, 6384
0213, 23, 6376
300011, 849, 6264
300012, 585, 6264
300013, 551, 6264
2376, 2801, 6219
300001, 658, 6185
669004, 1420, 6051
2409, 452, 6024
669021, 588, 6007
809010, 652, 5948
0439, 71, 5760
300014, 93, 5732
809013, 714, 5730
300009, 2639, 5724
669003, 473, 5605
20002, 519, 5570
669008, 2854, 5186
0732, 5, 5180
669007, 4057, 5168
1110, 870, 5164
300074, 872, 5070
809039, 795, 5038
004997, 1614, 4983
300007, 483, 4954
809037, 807, 4940
809038, 2303, 4940
809040, 2382, 4940
809041, 736, 4940
809042, 37, 4940
809043, 2012, 4940
809044, 697, 4940
809045, 3002, 4940
809046, 607, 4940
809047, 37, 4940
809048, 302, 4940
809049, 118, 4940
809050, 296, 4940
809051, 412, 4940
809052, 206, 4940
809053, 116, 4940
809054, 158, 4940
809055, 238, 4940
809056, 329, 4940
809057, 92, 4940
809058, 131, 4940
809059, 42, 4940
1319, 112, 4873
1320, 106, 4872
809060, 2403, 4735
809061, 109, 4735
279006, 406, 4688
809018, 321, 4667
809019, 826, 4644
3101, 155, 4630
300131, 7, 4533
3813, 42, 4523
1844, 236, 4521
300068, 1744, 4506
809022, 2772, 4486
A705, 15, 4397
809003, 530, 4363
300076, 1773, 4363
809027, 630, 4352
300070, 498, 4285
979024, 432, 4083
189, 706, 4043
3731, 5, 4030
1873, 679, 4028
809024, 190, 3933
979025, 230, 3919
300035, 1490, 3882
2371, 598, 3869
979010, 448, 3855
A701, 187, 3830
809002, 384, 3667
809029, 96, 3667
0986, 5, 3640
A703, 351, 3591
30006, 487, 3543
809007, 715, 3466
269026, 632, 3393
979026, 5, 3386
979027, 6, 3386
321, 1010, 3366
300078, 1541, 3364
1125, 479, 3305
2986, 636, 3294
809034, 266, 3176
2407, 857, 3102
809031, 398, 3054
809032, 491, 3053
809033, 1211, 3053
809020, 131, 3047
669024, 63, 2956
2282, 7, 2954
2390, 609, 2952
1331, 288, 2936
0218, 6, 2894
300006, 591, 2879
459154, 176, 2879
459155, 16, 2865
459156, 37, 2865
459158, 89, 2865
459159, 252, 2865
1124, 97, 2865
1337, 1727, 2836
0441, 12, 2823
0224, 3, 2718
3184, 207, 2710
319100, 1278, 2674
0104, 98, 2568
809035, 11, 2567
0105, 91, 2562
0106, 77, 2554
1335, 62, 2551
300048, 981, 2547
2410, 340, 2533
2412, 386, 2493
0109, 68, 2475
2165, 148, 2472
1363, 483, 2443
0108, 95, 2437
300044, 61, 2434
0107, 84, 2404
310, 216, 2362
311, 45, 2362
1842, 582, 2309
300067, 361, 2283
100008, 265, 2242
709001, 35, 2194
2421, 18, 2179
36, 30, 2131
300113, 729, 2099
0111, 63, 2053
809016, 742, 2052
0220, 4, 2027
3738, 5, 2020
300129, 1204, 1963
2168, 1899, 1947
1002, 312, 1941
300028, 1032, 1934
459161, 520, 1934
3725, 5, 1929
439032, 8, 1926
35, 137, 1902
10013, 1294, 1872
300069, 1007, 1839
30002, 7, 1790
300125, 402, 1741
2413, 34, 1722
809030, 368, 1716
2411, 406, 1716
819009, 423, 1709
819013, 646, 1709
819014, 334, 1709
819015, 822, 1709
819016, 260, 1709
819017, 48, 1709
2414, 25, 1709
300126, 740, 1708
459102, 101, 1706
0112, 114, 1702
0443, 2, 1695
300034, 1527, 1682
300119, 1488, 1676
459101, 22, 1671
229021, 5, 1635
819007, 605, 1628
279005, 283, 1620
279001, 826, 1619
069017, 10, 1590
809012, 560, 1572
0219, 4, 1571
300151, 899, 1569
0221, 4, 1565
3203, 71, 1564
819018, 254, 1547
300010, 551, 1493
3726, 5, 1489
819008, 792, 1458
819010, 833, 1458
819011, 325, 1458
819012, 70, 1458
819019, 191, 1458
819020, 404, 1458
819021, 422, 1458
819022, 231, 1458
819023, 122, 1458
819026, 387, 1458
819027, 152, 1458
819029, 102, 1458
300050, 397, 1443
300033, 207, 1430
809005, 464, 1424
2247, 890, 1419
0229, 4, 1415
669023, 171, 1414
809006, 516, 1403
10012, 864, 1373
809063, 24, 1358
300093, 464, 1355
0228, 5, 1355
300004, 13, 1354
809014, 622, 1352
300051, 875, 1347
709003, 164, 1329
300152, 1128, 1329
2163, 42, 1324
809011, 430, 1321
300150, 1132, 1299
3801, 612, 1291
0438, 67, 1278
300073, 375, 1256
1171, 34, 1229
3807, 354, 1203
1333, 2, 1197
279003, 313, 1195
0214, 5, 1158
3426, 6, 1153
300134, 891, 1146
300071, 758, 1146
3721, 8, 1140
1137, 136, 1138
3762, 38, 1136
1334, 44, 1122
819024, 205, 1118
3804, 497, 1116
3805, 408, 1116
2389, 243, 1090
2278, 8, 1086
300029, 416, 1079
709021, 114, 1074
709006, 119, 1073
709008, 110, 1073
709009, 29, 1073
709011, 87, 1073
709013, 70, 1073
709014, 15, 1073
3740, 6, 1059
3862, 8, 1059
709026, 190, 1049
3803, 422, 1048
20001, 488, 1044
269027, 440, 1028
3198, 16, 1006
809015, 551, 971
019001, 187, 965
3741, 14, 964
019003, 358, 949
339125, 22, 944
339126, 38, 944
339127, 66, 944
339128, 153, 944
339129, 94, 944
339130, 161, 944
339131, 148, 944
269029, 74, 930
269028, 161, 928
709002, 573, 916
019002, 545, 916
3742, 12, 911
184, 472, 899
A102, 96, 888
A101, 148, 885
300112, 383, 876
3705, 25, 873
300127, 346, 857
30001, 39, 851
21A002, 778, 849
2387, 530, 849
459211, 249, 848
459207, 261, 844
459206, 207, 841
459210, 309, 841
1336, 128, 838
1349, 674, 809
459343, 4, 805
709022, 233, 792
709004, 387, 791
709005, 306, 791
709007, 316, 791
709010, 242, 791
709012, 379, 791
709015, 223, 791
709016, 82, 791
709017, 221, 791
709018, 203, 791
709019, 104, 791
709020, 79, 791
709023, 247, 791
709024, 77, 791
709025, 97, 791
2901, 1, 783
699009, 640, 772
300020, 589, 771
279002, 366, 764
300099, 356, 756
709043, 51, 755
1341, 258, 745
3433, 3, 739
809028, 139, 733
819025, 54, 729
819028, 152, 729
269030, 14, 725
269031, 16, 725
137, 647, 718
300136, 242, 704
300062, 11, 683
669038, 273, 672
300087, 657, 665
019017, 77, 665
3703, 69, 664
0545, 191, 663
179161, 1, 663
179162, 2, 663
300086, 320, 659
A704, 170, 647
I49012, 17, 637
369108, 352, 623
0990, 3, 619
3303, 4, 614
3869, 9, 606
131, 90, 601
3701, 36, 601
3702, 39, 601
2250, 246, 601
3802, 259, 597
100011, 3, 595
069003, 118, 593
069004, 132, 593
459271, 22, 591
069002, 83, 590
2156, 449, 585
2161, 207, 584
300057, 294, 584
3302, 215, 578
0549, 459, 573
0550, 190, 573
0551, 1, 573
1343, 394, 571
1456, 384, 571
3427, 3, 547
069005, 195, 541
709027, 364, 540
269052, 314, 535
0544, 136, 533
989001, 3, 523
989002, 6, 523
989004, 26, 523
3205, 7, 520
3206, 1, 520
3211, 1, 520
3217, 1, 520
989003, 12, 520
0437, 56, 513
164, 409, 507
300015, 208, 498
1346, 101, 498
709048, 28, 495
I89001, 2, 485
157, 6, 482
300138, 38, 479
4501, 8, 475
459183, 130, 467
196, 126, 465
1812, 71, 464
1136, 98, 459
769005, 28, 458
459328, 282, 451
0227, 4, 448
279004, 197, 444
439015, 363, 444
459208, 117, 441
459209, 155, 440
069043, 1, 423
129, 116, 422
2424, 19, 421
2425, 19, 421
459329, 209, 411
I69003, 52, 411
I69004, 67, 411
I69005, 123, 411
A702, 88, 410
819030, 382, 410
819031, 79, 410
1816, 252, 407
669031, 21, 404
3200, 142, 396
269055, 10, 395
41097, 3, 390
899004, 325, 384
2392, 269, 383
799003, 23, 383
459342, 83, 380
7901, 1, 377
899006, 146, 376
899007, 139, 376
979028, 210, 375
459278, 69, 374
369044, 23, 372
D29011, 56, 371
1918, 72, 371
3810, 209, 368
669010, 244, 360
279034, 299, 353
3432, 1, 352
D29008, 76, 351
D29009, 63, 351
D29010, 107, 351
I49002, 50, 349
300081, 284, 349
669043, 144, 347
809036, 257, 346
300053, 117, 345
1105, 123, 344
300146, 272, 343
300120, 118, 342
300084, 246, 335
300054, 135, 332
30003, 204, 332
269044, 1, 332
300030, 279, 329
300031, 288, 328
166, 291, 326
899001, 81, 326
300022, 65, 325
L19008, 192, 322
439011, 204, 320
439014, 232, 320
669046, 271, 319
300121, 284, 319
1104, 136, 319
300122, 134, 316
300123, 209, 316
A502, 10, 315
3868, 54, 315
0444, 3, 315
759001, 87, 314
709031, 307, 313
300032, 295, 313
069044, 177, 313
069050, 210, 313
899005, 222, 311
3855, 3, 307
2285, 11, 306
300124, 267, 305
899003, 242, 303
669032, 4, 303
300130, 236, 303
21A004, 273, 297
159063, 109, 297
3816, 50, 296
3818, 47, 295
300003, 152, 291
21A014, 21, 287
669035, 16, 285
300072, 283, 285
1359, 274, 284
300025, 5, 282
20000, 75, 281
Y79001, 103, 281
A501, 35, 276
899022, 263, 272
Q99024, 2, 271
1461, 32, 270
439035, 50, 270
799009, 4, 265
3814, 21, 263
069023, 123, 261
165, 219, 258
0548, 7, 258
189010, 1, 255
1338, 59, 252
299168, 177, 251
2417, 37, 250
459212, 103, 247
300114, 217, 246
979037, 6, 245
979038, 3, 245
979052, 5, 245
979053, 3, 245
819006, 33, 245
989043, 48, 245
989065, 220, 245
2415, 40, 244
019015, 147, 244
0442, 46, 244
300137, 32, 243
300139, 6, 243
979039, 5, 241
979040, 2, 241
979041, 2, 241
979042, 2, 241
979043, 1, 241
979044, 5, 241
979045, 5, 241
979046, 3, 241
979047, 3, 241
979048, 2, 241
979049, 1, 241
979050, 2, 241
979051, 3, 241
979055, 2, 241
979074, 1, 241
979076, 3, 241
979088, 3, 241
21A235, 4, 239
21A236, 2, 239
21A237, 2, 239
21A238, 1, 239
1403, 51, 238
3732, 1, 238
2416, 29, 236
069007, 11, 236
300175, 80, 236
339120, 116, 235
339121, 198, 235
339122, 92, 235
339123, 185, 235
339124, 170, 235
J29004, 2, 235
J29005, 2, 235
J29006, 2, 235
J29007, 3, 235
8101, 1, 233
2451, 21, 232
2452, 144, 232
2453, 158, 232
2454, 16, 231
279039, 1, 230
069008, 59, 230
069010, 23, 229
346, 7, 229
300066, 81, 229
459239, 7, 227
459240, 7, 227
459241, 7, 227
459242, 7, 227
459243, 6, 227
459244, 6, 227
459245, 8, 227
459246, 7, 227
459247, 8, 227
459248, 7, 227
459249, 7, 227
459250, 7, 227
459251, 7, 227
459252, 6, 227
459253, 6, 227
459254, 7, 227
459255, 8, 227
459256, 6, 227
300111, 207, 225
979094, 194, 225
979092, 143, 224
979095, 125, 224
979096, 147, 224
979091, 176, 223
S39001, 12, 223
S39002, 42, 223
300075, 82, 221
979093, 148, 221
300173, 138, 220
134, 56, 217
799004, 4, 216
159053, 117, 215
459338, 142, 214
300080, 62, 214
300117, 144, 212
459318, 7, 211
459319, 6, 211
459321, 6, 211
839018, 163, 211
2502, 25, 211
C39002, 89, 207
979075, 1, 206
669014, 10, 206
459187, 6, 204
069049, 196, 204
300172, 147, 204
439017, 120, 202
179176, 109, 202
179177, 158, 202
179178, 123, 202
3811, 140, 201
2284, 6, 201
0131, 52, 201
300167, 154, 199
300177, 133, 199
300166, 166, 196
300168, 120, 196
300169, 40, 196
300170, 38, 196
300171, 7, 196
300174, 50, 196
300176, 14, 196
300178, 63, 196
300179, 117, 196
300180, 111, 196
300181, 59, 196
300182, 41, 196
300183, 34, 196
300184, 94, 196
300185, 119, 196
300186, 42, 196
300187, 18, 196
300188, 109, 196
300189, 55, 196
300190, 132, 196
0130, 62, 195
Y19001, 69, 194
019059, 148, 193
669044, 146, 190
909021, 53, 189
339106, 146, 189
339107, 156, 189
979029, 68, 188
21A017, 167, 186
100009, 4, 186
E49040, 1, 186
699001, 156, 185
699003, 180, 185
699004, 72, 185
699005, 172, 185
699006, 81, 185
439018, 91, 184
0735, 1, 182
659003, 3, 181
659004, 1, 181
459337, 164, 180
459320, 4, 179
214, 1, 179
229080, 77, 175
3208, 1, 175
3439, 3, 175
1471, 171, 173
I19001, 2, 173
3401, 24, 171
3402, 35, 171
300046, 4, 169
B301, 7, 167
I19027, 162, 165
659001, 2, 164
659002, 1, 164
659005, 2, 164
659006, 2, 164
659007, 1, 164
659008, 2, 164
659009, 4, 164
659010, 1, 164
659011, 3, 164
659012, 2, 164
659013, 2, 164
659014, 3, 164
659015, 2, 164
659016, 4, 164
659017, 3, 164
659018, 2, 164
659019, 2, 164
659020, 3, 164
659021, 1, 164
659022, 2, 164
659023, 2, 164
669025, 8, 164
T99001, 56, 164
T99002, 140, 164
459322, 4, 163
019008, 111, 162
A49018, 9, 161
439016, 132, 160
459108, 5, 159
1849, 139, 158
199118, 104, 157
3394, 1, 157
3755, 6, 154
339114, 66, 153
459331, 144, 152
459333, 141, 152
0448, 1, 151
0451, 1, 151
0452, 1, 151
300023, 2, 150
300088, 96, 150
909001, 102, 149
1332, 48, 148
300077, 70, 148
459327, 61, 147
529001, 6, 147
529002, 9, 147
A801, 85, 147
Q99002, 140, 147
319270, 1, 146
J39003, 2, 145
J39004, 2, 145
J39005, 2, 145
J39006, 11, 145
2423, 13, 145
2422, 14, 145
199113, 1, 145
899002, 117, 143
300089, 87, 143
669045, 64, 143
769008, 101, 142
P19033, 107, 141
10014, 132, 140
459182, 103, 140
1915, 25, 140
979054, 1, 139
300155, 5, 137
300156, 4, 137
E39001, 4, 137
739005, 89, 136
E39002, 5, 136
E39003, 5, 136
0733, 4, 135
41118, 12, 135
41119, 7, 135
459107, 3, 135
459109, 3, 135
459332, 126, 134
I49008, 12, 133
I49007, 36, 133
179120, 78, 130
319159, 121, 130
4955, 12, 129
459184, 30, 129
300064, 86, 128
269040, 2, 128
269041, 5, 128
269042, 3, 128
269045, 2, 128
669030, 5, 128
179163, 76, 127
459336, 102, 126
300143, 70, 126
300040, 4, 125
899021, 100, 125
300037, 97, 124
300038, 93, 124
459181, 46, 124
300039, 89, 122
669040, 49, 122
709039, 6, 121
4945, 8, 117
300060, 6, 117
4961, 11, 116
019049, 34, 116
019050, 31, 116
019051, 87, 116
019052, 45, 116
019053, 35, 116
019054, 22, 116
019055, 111, 116
019056, 36, 116
019032, 105, 116
019033, 112, 116
019034, 103, 116
019035, 114, 116
019036, 92, 116
019037, 26, 116
019038, 114, 116
019039, 100, 116
019040, 114, 116
019041, 94, 116
019042, 28, 116
019043, 74, 116
019044, 46, 116
019045, 89, 116
019046, 83, 116
019047, 55, 116
019048, 39, 116
E19001, 2, 116
E19002, 3, 116
509013, 92, 115
Q99001, 112, 114
10000, 109, 112
2157, 63, 111
21A012, 108, 111
909037, 47, 111
909038, 31, 111
909039, 51, 111
769006, 5, 110
2160, 30, 109
179099, 3, 109
179100, 5, 109
179101, 3, 109
179102, 3, 109
179103, 3, 109
179104, 3, 109
179105, 3, 109
179106, 4, 109
179107, 6, 109
179108, 4, 109
179109, 4, 109
179110, 4, 109
179111, 3, 109
179112, 4, 109
179113, 3, 109
179114, 3, 109
179115, 4, 109
179116, 3, 109
179187, 5, 109
179188, 5, 109
179190, 3, 109
179191, 3, 109
459330, 104, 108
019062, 48, 108
G99065, 1, 108
419008, 89, 107
300116, 36, 107
G99066, 1, 107
10005, 25, 106
1, 55, 106
B19024, 1, 106
300115, 25, 105
I49001, 11, 105
I49003, 8, 105
300118, 104, 105
0445, 2, 105
0449, 2, 105
0450, 2, 105
0446, 2, 104
0447, 1, 104
2235, 4, 103
2245, 6, 102
41002, 8, 102
459169, 3, 102
459141, 87, 102
319122, 2, 102
319124, 2, 102
319125, 1, 102
319127, 2, 102
319128, 2, 102
319129, 1, 102
319130, 3, 102
319131, 2, 102
319132, 2, 102
319133, 2, 102
319134, 2, 102
319135, 1, 102
319136, 2, 102
319137, 3, 102
319138, 2, 102
319139, 2, 102
319140, 3, 102
319141, 2, 102
319142, 3, 102
319143, 1, 102
319144, 1, 102
319145, 1, 102
186, 30, 102
459168, 2, 101
459223, 5, 101
459225, 5, 101
459226, 8, 101
459228, 6, 101
J29018, 83, 99
21A062, 2, 97
21A134, 2, 97
21A135, 1, 97
21A136, 1, 97
21A137, 2, 97
21A138, 1, 97
21A139, 1, 97
21A140, 1, 97
21A141, 3, 97
21A142, 1, 97
21A143, 1, 97
21A144, 1, 97
21A145, 1, 97
21A146, 1, 97
21A147, 2, 97
21A148, 2, 97
21A151, 2, 97
21A153, 3, 97
21A154, 1, 97
21A155, 1, 97
21A157, 3, 97
21A158, 1, 97
019004, 97, 97
019007, 96, 97
279047, 4, 97
4564, 2, 96
8001, 9, 96
300132, 3, 95
187, 63, 93
179118, 3, 93
A602, 2, 92
X19011, 89, 92
2227, 2, 90
179226, 90, 90
7701, 11, 90
C19103, 82, 89
2277, 52, 87
459340, 48, 87
179175, 2, 87
1123, 77, 86
369007, 72, 86
669015, 5, 84
669016, 6, 84
669017, 5, 84
669019, 5, 84
669029, 6, 83
129056, 72, 83
129057, 78, 83
129058, 55, 83
369098, 70, 82
K29002, 82, 82
369008, 33, 81
729028, 74, 80
21A149, 3, 80
21A150, 2, 80
21A152, 1, 80
21A156, 1, 80
459193, 5, 80
D19047, 1, 80
559007, 77, 79
669018, 3, 79
U99006, 1, 79
U99007, 2, 79
U99008, 1, 79
U99009, 2, 79
I89005, 4, 77
669027, 5, 76
179189, 3, 76
319187, 2, 76
319188, 1, 76
319189, 1, 76
3739, 2, 75
2809, 4, 75
K99005, 1, 75
A49010, 4, 74
A49011, 4, 74
A49012, 1, 74
A49013, 1, 74
A49014, 1, 74
A49015, 2, 74
769019, 58, 73
459116, 69, 73
459117, 65, 73
300102, 4, 71
300059, 40, 71
K89001, 3, 71
K89002, 17, 71
K89003, 5, 71
4313, 4, 68
129079, 66, 68
D29007, 68, 68
378, 44, 67
2381, 7, 67
G49050, 46, 67
669034, 3, 66
0547, 36, 66
3856, 2, 66
0125, 33, 66
709044, 63, 65
140, 65, 65
509006, 58, 65
21A105, 8, 64
319273, 47, 64
X19003, 60, 64
539004, 19, 63
0230, 3, 63
559046, 61, 63
559047, 56, 63
2266, 1, 62
2300, 2, 62
459165, 2, 62
4888, 1, 62
3783, 4, 62
339105, 62, 62
669033, 3, 61
369085, 61, 61
339135, 44, 61
969081, 2, 61
709030, 38, 60
E49035, 1, 60
E49036, 1, 60
21A021, 47, 59
1450, 26, 59
D19048, 2, 59
319298, 55, 58
319281, 24, 56
D59016, 3, 56
300091, 4, 55
769003, 42, 55
E49029, 3, 55
1451, 19, 54
2382, 5, 54
069048, 36, 54
1362, 35, 54
P79002, 8, 54
1702, 8, 53
1703, 37, 53
669028, 6, 53
I19018, 3, 53
I19019, 3, 53
I19021, 2, 53
S49001, 5, 53
4937, 8, 52
B201, 25, 52
X19001, 51, 52
X19002, 52, 52
H39014, 51, 52
979085, 41, 51
529106, 33, 50
509011, 50, 50
369094, 43, 50
2287, 15, 50
279028, 48, 50
279053, 50, 50
300148, 2, 50
G99069, 44, 50
G99068, 47, 50
669026, 6, 49
4934, 4, 49
21A051, 42, 49
269056, 44, 49
269057, 47, 49
269058, 49, 49
E39012, 29, 49
459227, 6, 48
459229, 6, 48
1135, 46, 48
B102, 14, 48
I19003, 3, 48
I19032, 3, 48
41076, 4, 48
4621, 3, 48
4861, 1, 48
H49005, 3, 48
300097, 3, 47
0453, 1, 47
0455, 1, 47
G99024, 47, 47
B39002, 7, 47
4307, 7, 46
2272, 4, 46
769004, 37, 45
319215, 9, 45
319216, 10, 45
383, 37, 45
2162, 43, 45
979090, 34, 45
300042, 44, 44
069046, 35, 44
949011, 1, 43
929017, 42, 42
989048, 36, 42
374, 38, 41
W99001, 31, 41
300043, 39, 40
339119, 35, 40
C49001, 1, 40
319179, 6, 39
W19001, 39, 39
579088, 37, 38
3727, 1, 38
3729, 1, 38
699007, 18, 37
300045, 2, 37
269047, 1, 36
1118, 20, 36
339101, 3, 36
3817, 34, 35
809070, 8, 35
V79002, 35, 35
1391, 31, 35
979077, 1, 35
979086, 1, 35
979087, 1, 35
C19002, 1, 35
C19003, 2, 35
C19004, 1, 35
C19005, 1, 35
C19006, 1, 35
C19007, 1, 35
C19008, 1, 35
C19009, 1, 35
C19010, 2, 35
C19011, 1, 35
C19012, 1, 35
C19013, 2, 35
C19014, 1, 35
C19015, 2, 35
C19016, 1, 35
C19017, 1, 35
C19018, 1, 35
C19019, 1, 35
C19020, 1, 35
C19021, 1, 35
C19023, 1, 35
C19024, 1, 35
C19030, 1, 35
C19031, 1, 35
C19107, 1, 35
A59003, 7, 35
459334, 31, 34
459303, 32, 34
343, 30, 34
279040, 34, 34
279041, 32, 34
279042, 34, 34
279043, 34, 34
J29062, 20, 34
3806, 32, 33
769001, 33, 33
179221, 2, 33
179222, 2, 33
179223, 2, 33
179224, 2, 33
179225, 2, 33
20004, 33, 33
2234, 3, 33
769002, 24, 32
559131, 22, 32
J29044, 31, 31
G99070, 31, 31
229022, 2, 31
J29110, 30, 31
319107, 6, 30
319108, 4, 30
299184, 2, 30
319293, 25, 30
369107, 23, 30
G99011, 29, 30
2225, 1, 29
709032, 6, 29
F69053, 2, 29
21A013, 1, 29
300101, 29, 29
019058, 28, 29
369032, 27, 29
300145, 28, 28
300165, 28, 28
Y29001, 1, 28
319185, 28, 28
4503, 3, 28
319279, 25, 27
319280, 24, 27
319282, 10, 27
319283, 24, 27
319284, 9, 27
319285, 1, 27
319286, 16, 27
319287, 6, 27
319288, 11, 27
319289, 25, 27
319290, 3, 27
319291, 4, 27
319292, 1, 27
129061, 27, 27
129062, 25, 27
129063, 25, 27
069066, 22, 27
G99059, 9, 27
979073, 1, 27
C89005, 20, 27
319240, 3, 26
319103, 10, 26
069020, 25, 26
T59003, 1, 26
T59004, 2, 26
T59005, 1, 26
T59006, 1, 26
T59007, 2, 26
179174, 25, 26
319123, 1, 26
769007, 16, 26
P79001, 26, 26
J29099, 1, 26
729005, 1, 25
W69003, 18, 25
909023, 24, 25
J29049, 1, 25
D59022, 6, 25
0226, 2, 24
300024, 8, 23
459191, 22, 23
3437, 3, 23
339102, 1, 23
2270, 3, 23
2176, 23, 23
U99001, 5, 23
U99003, 5, 23
U99004, 2, 23
U99005, 1, 23
P59001, 4, 23
P59002, 1, 23
P59003, 4, 23
J29101, 19, 23
459171, 15, 22
449174, 3, 22
449176, 7, 22
449177, 4, 22
459166, 4, 22
129064, 3, 22
439019, 18, 22
319172, 16, 22
4641, 21, 22
141, 21, 21
300058, 11, 21
669037, 16, 21
439030, 17, 21
439031, 21, 21
969002, 7, 21
4619, 21, 21
300108, 4, 21
979032, 1, 21
B39001, 21, 21
0126, 9, 20
509038, 1, 20
509039, 1, 20
509040, 2, 20
509041, 2, 20
509042, 1, 20
509043, 1, 20
509044, 1, 20
509045, 1, 20
509046, 1, 20
509047, 1, 20
509048, 1, 20
509049, 1, 20
509050, 1, 20
509051, 2, 20
509052, 1, 20
509053, 1, 20
509054, 1, 20
509055, 1, 20
509056, 2, 20
509057, 1, 20
509058, 2, 20
509060, 2, 20
4296, 2, 20
4297, 1, 20
4298, 1, 20
2279, 4, 20
E59002, 18, 20
909040, 3, 19
319190, 3, 19
319195, 6, 19
319196, 6, 19
319197, 4, 19
319202, 3, 19
319208, 6, 19
319209, 4, 19
300133, 19, 19
069031, 3, 19
069032, 3, 19
069033, 4, 19
069034, 2, 19
069035, 6, 19
300144, 16, 19
Y19004, 19, 19
B401, 8, 19
B402, 10, 19
4696, 4, 19
P19044, 1, 19
P19045, 17, 19
P19046, 17, 19
E19030, 3, 19
E19031, 2, 19
509007, 18, 18
299123, 1, 18
299126, 1, 18
299127, 2, 18
299128, 1, 18
299129, 1, 18
299130, 1, 18
299131, 1, 18
299132, 1, 18
299133, 1, 18
299134, 2, 18
299135, 2, 18
299136, 2, 18
299137, 1, 18
299138, 1, 18
299139, 1, 18
299140, 1, 18
299141, 1, 18
299142, 2, 18
299143, 2, 18
299144, 1, 18
299145, 1, 18
299147, 1, 18
299173, 1, 18
299174, 1, 18
299185, 1, 18
969001, 17, 18
319164, 18, 18
229018, 2, 18
229019, 1, 18
509009, 17, 17
279044, 17, 17
W29001, 17, 17
B701, 2, 17
319166, 16, 17
T99005, 2, 17
T99006, 2, 17
21A061, 1, 17
21A195, 1, 17
21A196, 1, 17
300055, 16, 16
459100, 3, 16
459216, 2, 16
459218, 2, 16
449133, 2, 16
069025, 16, 16
069026, 16, 16
319153, 16, 16
300163, 15, 16
C49002, 15, 16
069024, 13, 16
L19002, 1, 16
L19004, 1, 16
L19005, 1, 16
L19007, 1, 16
I19033, 2, 16
929015, 8, 16
019057, 15, 16
P89002, 16, 16
G99072, 16, 16
669012, 15, 15
669022, 3, 15
30004, 15, 15
1353, 14, 15
319149, 15, 15
319150, 15, 15
319152, 15, 15
319154, 14, 15
319157, 15, 15
319271, 13, 15
21A056, 8, 15
319178, 4, 15
297, 13, 15
2269, 3, 15
369031, 9, 15
E19080, 13, 15
D79001, 2, 15
D79030, 2, 15
G99002, 15, 15
819035, 14, 15
779011, 13, 14
300128, 3, 14
789022, 1, 14
789023, 1, 14
789024, 1, 14
789025, 1, 14
789026, 1, 14
789027, 1, 14
789028, 2, 14
789029, 1, 14
789030, 1, 14
789031, 1, 14
789032, 1, 14
789033, 1, 14
789034, 1, 14
789035, 1, 14
789036, 1, 14
789037, 1, 14
789038, 1, 14
789039, 2, 14
789040, 1, 14
789041, 1, 14
789042, 1, 14
789043, 1, 14
789044, 1, 14
300109, 13, 14
709049, 14, 14
2408, 14, 14
21A098, 4, 14
21A099, 5, 14
21A100, 6, 14
21A101, 4, 14
21A102, 4, 14
21A103, 4, 14
21A106, 6, 14
579010, 2, 14
509065, 13, 14
2811, 2, 14
319272, 14, 14
21A057, 8, 14
3812, 1, 14
069018, 3, 14
4487, 1, 14
019005, 14, 14
019006, 14, 14
319277, 3, 14
269061, 14, 14
859015, 1, 14
859016, 4, 14
C19101, 11, 14
979036, 1, 14
300107, 12, 13
709038, 13, 13
F69020, 12, 13
F69022, 13, 13
F69023, 12, 13
F69024, 13, 13
F69028, 13, 13
F69029, 13, 13
459215, 2, 13
F69006, 13, 13
429173, 1, 13
2429, 7, 13
2431, 12, 13
2432, 7, 13
21A015, 5, 13
319194, 4, 13
929007, 13, 13
I59005, 1, 13
I59006, 1, 13
1839, 13, 13
A403, 2, 13
A404, 1, 13
A405, 2, 13
A406, 1, 13
A407, 1, 13
A408, 2, 13
A409, 2, 13
A410, 1, 13
A414, 2, 13
A59002, 13, 13
069016, 3, 12
F69032, 12, 12
F69034, 12, 12
F69035, 11, 12
459213, 12, 12
3704, 1, 12
1354, 9, 12
1356, 12, 12
1475, 6, 12
319278, 2, 12
229004, 2, 12
909022, 11, 12
T69011, 10, 12
K49025, 3, 12
G99075, 12, 12
G99077, 12, 12
2393, 12, 12
21A194, 1, 12
4309, 6, 11
21A104, 4, 11
529095, 1, 11
459306, 11, 11
459179, 1, 11
4702, 4, 11
319151, 11, 11
1357, 9, 11
1358, 11, 11
I49005, 1, 11
I49018, 2, 11
Q49005, 1, 11
Q49006, 1, 11
Q49009, 1, 11
Q49010, 1, 11
Q49012, 1, 11
Q49013, 1, 11
Q49014, 1, 11
Q49015, 1, 11
Q49017, 1, 11
Q49018, 1, 11
Q49019, 1, 11
Q49020, 2, 11
Q49021, 1, 11
Q49022, 1, 11
Q49023, 1, 11
Q49024, 1, 11
Q49025, 1, 11
Q49026, 1, 11
Q49027, 1, 11
Q49028, 1, 11
Q49029, 1, 11
Q49030, 1, 11
Q49031, 1, 11
559059, 11, 11
899045, 10, 11
2167, 11, 11
579023, 1, 11
989005, 10, 11
989006, 8, 11
989007, 9, 11
729016, 1, 10
729017, 1, 10
729020, 1, 10
659025, 10, 10
459335, 10, 10
300052, 1, 10
579086, 9, 10
459135, 10, 10
2430, 9, 10
300142, 10, 10
161, 10, 10
162, 10, 10
T99008, 1, 10
T99009, 1, 10
T99010, 1, 10
T99011, 1, 10
T99017, 1, 10
T99018, 1, 10
T99020, 1, 10
T99021, 1, 10
T99022, 1, 10
T99023, 1, 10
T99024, 1, 10
T99028, 1, 10
E19024, 2, 10
E19025, 2, 10
E19026, 2, 10
E19027, 2, 10
E19028, 2, 10
E19029, 2, 10
E19032, 2, 10
E19033, 2, 10
E19034, 2, 10
E19035, 2, 10
E19036, 2, 10
E19037, 2, 10
E19038, 2, 10
E19039, 2, 10
E19040, 2, 10
E19041, 2, 10
E19042, 2, 10
E19043, 2, 10
E19044, 2, 10
E19090, 2, 10
E19091, 2, 10
F79004, 10, 10
G99089, 7, 10
G99090, 10, 10
369070, 9, 9
319242, 1, 9
579021, 2, 9
459167, 6, 9
300140, 3, 9
339116, 9, 9
269036, 9, 9
0236, 1, 9
T99003, 1, 9
T99004, 1, 9
T99007, 1, 9
T99012, 1, 9
T99013, 2, 9
T99014, 1, 9
T99015, 1, 9
T99019, 1, 9
T99025, 2, 9
T99026, 1, 9
T99027, 1, 9
S29003, 9, 9
D59066, 1, 9
D59021, 1, 9
21A019, 9, 9
G99078, 6, 9
H39013, 1, 9
G99014, 9, 9
A411, 1, 9
A412, 1, 9
509059, 1, 9
C59032, 1, 9
C59033, 1, 9
C59034, 1, 9
21A193, 1, 9
779037, 8, 8
779038, 6, 8
300041, 3, 8
509002, 8, 8
3438, 4, 8
369105, 2, 8
069014, 5, 8
Y29058, 2, 8
3831, 7, 8
2377, 2, 8
069015, 3, 8
559078, 7, 8
559035, 1, 8
559034, 1, 8
569001, 3, 8
P19009, 8, 8
979082, 5, 8
979083, 8, 8
D59039, 2, 8
D59040, 1, 8
D59041, 1, 8
D59042, 1, 8
D59043, 1, 8
D59044, 1, 8
D59045, 1, 8
D59046, 1, 8
D59047, 2, 8
D59048, 1, 8
D59049, 2, 8
D59050, 1, 8
D59051, 1, 8
D59052, 1, 8
D59053, 1, 8
D59054, 1, 8
D59055, 1, 8
D59056, 1, 8
D59057, 1, 8
D59058, 1, 8
D59059, 2, 8
D59060, 1, 8
D59061, 1, 8
F69025, 7, 8
F69027, 8, 8
F69030, 7, 8
579114, 8, 8
J99003, 8, 8
J99004, 8, 8
A39001, 1, 8
A39002, 1, 8
A39003, 1, 8
019018, 2, 8
759007, 7, 7
609023, 7, 7
609024, 7, 7
609025, 7, 7
609026, 5, 7
319192, 2, 7
319205, 3, 7
319211, 2, 7
156, 6, 7
549005, 6, 7
549006, 7, 7
300061, 4, 7
019020, 5, 7
019014, 2, 7
319155, 6, 7
019029, 5, 7
G59003, 7, 7
159, 7, 7
179182, 1, 7
559162, 7, 7
899062, 3, 7
4488, 2, 7
J99025, 7, 7
J99026, 7, 7
J99027, 7, 7
J99028, 6, 7
J29097, 6, 7
579087, 7, 7
579090, 7, 7
579091, 7, 7
579092, 7, 7
579093, 7, 7
579094, 1, 7
579095, 7, 7
579096, 7, 7
859014, 5, 7
509008, 6, 6
509069, 6, 6
509010, 6, 6
F69021, 6, 6
F69026, 6, 6
669039, 3, 6
459152, 1, 6
459258, 1, 6
459122, 1, 6
459123, 1, 6
459124, 1, 6
459125, 2, 6
459185, 1, 6
459186, 1, 6
459188, 1, 6
459190, 1, 6
459192, 1, 6
459261, 1, 6
459115, 1, 6
459118, 2, 6
459121, 1, 6
459126, 1, 6
459149, 1, 6
459150, 1, 6
459151, 1, 6
319200, 2, 6
319203, 2, 6
2385, 6, 6
179155, 2, 6
179156, 6, 6
179195, 6, 6
179198, 6, 6
179199, 6, 6
179200, 5, 6
179201, 5, 6
179202, 3, 6
179203, 5, 6
179204, 1, 6
179205, 1, 6
439024, 6, 6
179228, 6, 6
319218, 1, 6
319156, 6, 6
269039, 1, 6
P19001, 6, 6
J29050, 6, 6
X19004, 6, 6
3746, 2, 6
J99029, 6, 6
G99064, 4, 6
G99063, 2, 6
G99062, 1, 6
G99061, 2, 6
G99060, 1, 6
J29003, 1, 6
A424, 1, 6
A425, 1, 6
A417, 1, 6
A418, 1, 6
A420, 1, 6
A422, 1, 6
A423, 1, 6
729009, 1, 5
759006, 5, 5
21A010, 3, 5
300090, 3, 5
709060, 1, 5
F69033, 5, 5
459263, 1, 5
459264, 1, 5
459265, 1, 5
459266, 1, 5
459267, 1, 5
459268, 1, 5
459269, 5, 5
459270, 2, 5
459277, 1, 5
7902, 1, 5
459204, 5, 5
459205, 5, 5
069047, 4, 5
179216, 2, 5
069076, 5, 5
21A059, 4, 5
W59001, 5, 5
W69001, 1, 5
21A045, 5, 5
21A047, 5, 5
21A063, 5, 5
T59002, 5, 5
439029, 1, 5
300098, 1, 5
809071, 4, 5
I19028, 5, 5
I19034, 5, 5
I19035, 5, 5
K79001, 3, 5
559160, 5, 5
Q99004, 4, 5
Q99005, 5, 5
Q99007, 5, 5
Q99008, 5, 5
Q99009, 5, 5
Q99010, 5, 5
Q99012, 5, 5
Q99014, 5, 5
Q99015, 5, 5
Q99016, 5, 5
P19008, 1, 5
I59002, 5, 5
E49003, 1, 5
E49004, 1, 5
E49005, 1, 5
E49006, 1, 5
E49007, 1, 5
E49008, 1, 5
E49009, 2, 5
E49010, 1, 5
E49011, 1, 5
E49012, 2, 5
E49013, 1, 5
E49014, 1, 5
E49015, 1, 5
E49016, 1, 5
E49017, 1, 5
E49018, 1, 5
E49019, 1, 5
E49021, 1, 5
E49023, 1, 5
E49024, 1, 5
E49025, 1, 5
E49026, 1, 5
E49027, 1, 5
E49001, 1, 5
E49002, 1, 5
G99085, 5, 5
F29013, 5, 5
229006, 4, 5
G99006, 5, 5
G99003, 5, 5
8201, 1, 5
949005, 3, 5
949006, 5, 5
300082, 4, 4
459307, 2, 4
459326, 2, 4
449163, 1, 4
549011, 1, 4
549012, 2, 4
549013, 2, 4
549014, 1, 4
549015, 1, 4
549016, 2, 4
549017, 1, 4
549018, 1, 4
069053, 4, 4
439022, 4, 4
269069, 4, 4
069058, 4, 4
439033, 1, 4
179173, 4, 4
439012, 3, 4
21A162, 4, 4
299149, 1, 4
319276, 2, 4
21A024, 1, 4
20003, 4, 4
1350, 4, 4
Q99023, 1, 4
179179, 4, 4
559060, 1, 4
559157, 2, 4
559158, 3, 4
559156, 4, 4
21A006, 2, 4
Y29002, 4, 4
S39009, 4, 4
G99029, 1, 4
G99030, 1, 4
579082, 1, 4
I49006, 4, 4
J29054, 4, 4
D59026, 1, 4
G99092, 1, 4
G99073, 4, 4
G99076, 3, 4
G99111, 4, 4
G99110, 2, 4
G99112, 1, 4
J29039, 4, 4
579097, 4, 4
579098, 4, 4
579084, 4, 4
A29007, 4, 4
2985, 4, 4
989092, 1, 4
929013, 4, 4
21A107, 1, 4
21A108, 2, 4
21A163, 2, 4
21A164, 1, 4
21A165, 3, 4
739002, 1, 3
369080, 3, 3
539008, 1, 3
539009, 1, 3
539010, 2, 3
539011, 1, 3
539012, 1, 3
V59001, 3, 3
409001, 1, 3
509061, 2, 3
509062, 2, 3
509063, 2, 3
449152, 3, 3
449162, 2, 3
319177, 2, 3
069045, 3, 3
069051, 2, 3
069052, 3, 3
069054, 3, 3
069055, 3, 3
129028, 3, 3
2173, 3, 3
129014, 3, 3
129049, 3, 3
129050, 3, 3
21A097, 2, 3
1131, 3, 3
019012, 1, 3
069006, 3, 3
969082, 1, 3
370, 3, 3
839006, 3, 3
669011, 3, 3
Q99006, 3, 3
Q99011, 3, 3
300100, 2, 3
P59044, 3, 3
S29004, 3, 3
2984, 3, 3
8002, 1, 3
Q49011, 2, 3
21A007, 1, 3
21A008, 2, 3
Y29005, 3, 3
319161, 3, 3
199115, 3, 3
E99002, 1, 3
529053, 1, 3
G99018, 3, 3
I49011, 1, 3
4967, 2, 3
199107, 3, 3
199108, 3, 3
199109, 3, 3
199110, 3, 3
199111, 3, 3
2265, 3, 3
2264, 2, 3
G99067, 3, 3
2175, 3, 3
579085, 3, 3
579089, 3, 3
949007, 3, 3
819037, 1, 3
809075, 3, 3
809076, 3, 3
809077, 3, 3
A29002, 3, 3
3201, 2, 3
3871, 1, 3
41117, 1, 3
C59002, 3, 3
A49024, 3, 3
2237, 1, 3
2478, 1, 3
779016, 1, 2
300103, 2, 2
729007, 1, 2
729008, 1, 2
459162, 2, 2
459163, 2, 2
459232, 2, 2
459233, 2, 2
B19010, 2, 2
B19009, 2, 2
B19012, 2, 2
21A176, 1, 2
539002, 2, 2
539003, 2, 2
459114, 2, 2
1848, 2, 2
449128, 2, 2
449116, 1, 2
449117, 1, 2
449118, 1, 2
449119, 1, 2
449121, 1, 2
449122, 1, 2
449126, 1, 2
449127, 1, 2
449100, 1, 2
449101, 1, 2
449102, 1, 2
449103, 1, 2
449104, 1, 2
449105, 1, 2
449106, 1, 2
449107, 1, 2
449108, 1, 2
449109, 1, 2
449110, 1, 2
449111, 1, 2
449112, 1, 2
449113, 1, 2
449114, 1, 2
449132, 1, 2
449180, 2, 2
449181, 2, 2
2236, 1, 2
128, 2, 2
339113, 2, 2
459164, 1, 2
299177, 1, 2
299178, 1, 2
300104, 1, 2
159026, 2, 2
069078, 2, 2
069079, 2, 2
069080, 2, 2
069081, 2, 2
069082, 2, 2
069083, 2, 2
069084, 2, 2
069085, 2, 2
069086, 2, 2
069089, 2, 2
069090, 2, 2
069091, 2, 2
439003, 1, 2
21A083, 1, 2
300153, 2, 2
300154, 2, 2
929008, 2, 2
4699, 2, 2
B19013, 2, 2
21A023, 1, 2
Y29021, 2, 2
300094, 2, 2
300095, 2, 2
300096, 2, 2
669013, 2, 2
4518, 1, 2
372, 2, 2
909041, 2, 2
929001, 2, 2
809062, 2, 2
L49005, 2, 2
L49006, 2, 2
L49007, 2, 2
L49008, 2, 2
L49009, 2, 2
369103, 2, 2
019013, 1, 2
559011, 2, 2
Q99003, 2, 2
Q99013, 2, 2
269062, 2, 2
269063, 2, 2
269064, 2, 2
269065, 2, 2
269066, 2, 2
269067, 2, 2
019010, 1, 2
K59024, 2, 2
K59025, 2, 2
K59026, 2, 2
K59027, 2, 2
P19073, 2, 2
P19042, 2, 2
369104, 1, 2
T69004, 2, 2
T69005, 2, 2
369077, 2, 2
369078, 2, 2
Y29003, 2, 2
Y29004, 2, 2
319158, 2, 2
D79108, 1, 2
J29037, 1, 2
21A129, 1, 2
J29064, 1, 2
J29065, 1, 2
J29067, 1, 2
J29068, 1, 2
J29072, 1, 2
J29073, 1, 2
J29074, 1, 2
J29075, 1, 2
J29077, 1, 2
J29078, 1, 2
J29079, 1, 2
J29080, 1, 2
J29081, 1, 2
J29082, 1, 2
J29083, 1, 2
J29084, 1, 2
J29085, 1, 2
J29086, 1, 2
J29087, 1, 2
J29088, 1, 2
J29089, 1, 2
J29090, 1, 2
G99031, 1, 2
G99032, 1, 2
G99033, 1, 2
G99034, 1, 2
G99035, 1, 2
G99036, 1, 2
G99037, 1, 2
G99038, 1, 2
G99040, 1, 2
G99041, 1, 2
G99042, 1, 2
G99043, 1, 2
G99044, 1, 2
G99045, 1, 2
G99046, 1, 2
G99047, 1, 2
G99048, 1, 2
G99049, 1, 2
G99050, 1, 2
G99051, 1, 2
G99052, 1, 2
G89001, 2, 2
G49058, 2, 2
G49059, 1, 2
G49060, 1, 2
229005, 2, 2
289010, 2, 2
371, 2, 2
D59018, 2, 2
D59019, 2, 2
G99135, 2, 2
G99056, 1, 2
G99057, 1, 2
G99058, 1, 2
G99122, 2, 2
369035, 2, 2
300141, 2, 2
579110, 2, 2
F69055, 1, 2
I19030, 2, 2
819042, 2, 2
D59067, 2, 2
439034, 2, 2
J99019, 1, 2
G99023, 2, 2
A415, 1, 2
A416, 1, 2
A419, 1, 2
A421, 1, 2
899029, 2, 2
899030, 2, 2
C19048, 2, 2
859087, 2, 2
319167, 2, 2
319168, 2, 2
0454, 2, 2
859084, 2, 2
A49020, 1, 2
989067, 2, 2
989084, 1, 2
300047, 1, 2
2283, 1, 2
2426, 2, 2
2427, 2, 2
529104, 1, 1
529111, 1, 1
729004, 1, 1
709029, 1, 1
789020, 1, 1
709051, 1, 1
529064, 1, 1
509015, 1, 1
529107, 1, 1
299175, 1, 1
459120, 1, 1
1142, 1, 1
459137, 1, 1
449143, 1, 1
449134, 1, 1
459217, 1, 1
459304, 1, 1
459305, 1, 1
419007, 1, 1
459325, 1, 1
449173, 1, 1
269035, 1, 1
1340, 1, 1
159068, 1, 1
129021, 1, 1
129085, 1, 1
159006, 1, 1
159007, 1, 1
159009, 1, 1
159010, 1, 1
159011, 1, 1
159012, 1, 1
159013, 1, 1
159014, 1, 1
159016, 1, 1
159017, 1, 1
159020, 1, 1
159021, 1, 1
159023, 1, 1
159024, 1, 1
159025, 1, 1
159030, 1, 1
159046, 1, 1
8103, 1, 1
8104, 1, 1
8102, 1, 1
179157, 1, 1
069092, 1, 1
129035, 1, 1
129036, 1, 1
129037, 1, 1
129038, 1, 1
129039, 1, 1
129040, 1, 1
129041, 1, 1
129043, 1, 1
269048, 1, 1
269049, 1, 1
269050, 1, 1
269070, 1, 1
279045, 1, 1
279046, 1, 1
279055, 1, 1
439026, 1, 1
0988, 1, 1
269037, 1, 1
21A026, 1, 1
V69001, 1, 1
V69002, 1, 1
179220, 1, 1
4314, 1, 1
3815, 1, 1
41114, 1, 1
019009, 1, 1
839016, 1, 1
319180, 1, 1
X19022, 1, 1
969086, 1, 1
969087, 1, 1
969088, 1, 1
929016, 1, 1
839011, 1, 1
839012, 1, 1
839013, 1, 1
839014, 1, 1
839015, 1, 1
319251, 1, 1
319252, 1, 1
319253, 1, 1
319254, 1, 1
319255, 1, 1
319256, 1, 1
319257, 1, 1
319258, 1, 1
319259, 1, 1
319260, 1, 1
319261, 1, 1
319262, 1, 1
319263, 1, 1
319264, 1, 1
049001, 1, 1
3829, 1, 1
3830, 1, 1
21A066, 1, 1
21A067, 1, 1
21A068, 1, 1
21A069, 1, 1
21A070, 1, 1
21A072, 1, 1
21A073, 1, 1
21A080, 1, 1
21A081, 1, 1
839007, 1, 1
839008, 1, 1
839009, 1, 1
839010, 1, 1
839001, 1, 1
839002, 1, 1
839003, 1, 1
839004, 1, 1
839005, 1, 1
339115, 1, 1
339118, 1, 1
369049, 1, 1
369062, 1, 1
069012, 1, 1
069013, 1, 1
21A091, 1, 1
21A092, 1, 1
21A093, 1, 1
21A094, 1, 1
21A095, 1, 1
21A096, 1, 1
W49027, 1, 1
W49029, 1, 1
W49030, 1, 1
W49031, 1, 1
W49033, 1, 1
W49034, 1, 1
W49035, 1, 1
W49036, 1, 1
W49037, 1, 1
W49038, 1, 1
W49039, 1, 1
W49040, 1, 1
W49042, 1, 1
W49045, 1, 1
P19013, 1, 1
369009, 1, 1
369047, 1, 1
K59033, 1, 1
319193, 1, 1
3404, 1, 1
729003, 1, 1
L69005, 1, 1
279029, 1, 1
279030, 1, 1
K59034, 1, 1
559137, 1, 1
K59030, 1, 1
369110, 1, 1
879002, 1, 1
4308, 1, 1
529004, 1, 1
529005, 1, 1
529010, 1, 1
529011, 1, 1
529012, 1, 1
529015, 1, 1
529019, 1, 1
529021, 1, 1
529028, 1, 1
529030, 1, 1
529043, 1, 1
P19034, 1, 1
P19035, 1, 1
P19036, 1, 1
K89008, 1, 1
K89007, 1, 1
K89006, 1, 1
K89005, 1, 1
369079, 1, 1
E19075, 1, 1
E19076, 1, 1
E19077, 1, 1
E19078, 1, 1
J29063, 1, 1
019019, 1, 1
E19079, 1, 1
G69008, 1, 1
D29002, 1, 1
D29003, 1, 1
D29004, 1, 1
D29005, 1, 1
D59062, 1, 1
300162, 1, 1
369059, 1, 1
I49010, 1, 1
J99017, 1, 1
0127, 1, 1
579001, 1, 1
579002, 1, 1
579003, 1, 1
579004, 1, 1
579005, 1, 1
579006, 1, 1
579007, 1, 1
579008, 1, 1
579009, 1, 1
E19154, 1, 1
1994, 1, 1
1457, 1, 1
049038, 1, 1
049039, 1, 1
049040, 1, 1
049041, 1, 1
2263, 1, 1
21A205, 1, 1
21A204, 1, 1
229070, 1, 1
J99018, 1, 1
G99055, 1, 1
J99009, 1, 1
1108, 1, 1
I89003, 1, 1
I89004, 1, 1
F39012, 1, 1
D79003, 1, 1
D79004, 1, 1
D79005, 1, 1
D79006, 1, 1
D79007, 1, 1
D79008, 1, 1
D79009, 1, 1
D79010, 1, 1
D79011, 1, 1
D79012, 1, 1
D79013, 1, 1
D79014, 1, 1
D79015, 1, 1
D79016, 1, 1
D79017, 1, 1
D79018, 1, 1
D79019, 1, 1
D79020, 1, 1
D79021, 1, 1
D79022, 1, 1
D79023, 1, 1
D79024, 1, 1
D79025, 1, 1
D79026, 1, 1
D79027, 1, 1
D79028, 1, 1
D79029, 1, 1
D79035, 1, 1
D79039, 1, 1
D79040, 1, 1
D79042, 1, 1
D79043, 1, 1
D79044, 1, 1
D79045, 1, 1
D79047, 1, 1
I19014, 1, 1
F99001, 1, 1
J29038, 1, 1
I49016, 1, 1
199112, 1, 1
G99137, 1, 1
G99138, 1, 1
G99139, 1, 1
G99140, 1, 1
G99141, 1, 1
G99142, 1, 1
G99143, 1, 1
G99144, 1, 1
G99145, 1, 1
G99146, 1, 1
G99147, 1, 1
G99148, 1, 1
G99149, 1, 1
G99150, 1, 1
579063, 1, 1
F69031, 1, 1
579039, 1, 1
579040, 1, 1
579041, 1, 1
579042, 1, 1
579043, 1, 1
1847, 1, 1
369034, 1, 1
2428, 1, 1
J29102, 1, 1
J29103, 1, 1
J99030, 1, 1
J99031, 1, 1
J99020, 1, 1
J99021, 1, 1
G99028, 1, 1
G99091, 1, 1
E49034, 1, 1
019030, 1, 1
019031, 1, 1
459142, 1, 1
559161, 1, 1
559016, 1, 1
F39042, 1, 1
669036, 1, 1
I29025, 1, 1
G99126, 1, 1
G99125, 1, 1
G99130, 1, 1
G99074, 1, 1
F39004, 1, 1
779032, 1, 1
779033, 1, 1
779034, 1, 1
779035, 1, 1
C39001, 1, 1
859021, 1, 1
859023, 1, 1
859025, 1, 1
989021, 1, 1
C19098, 1, 1
1917, 1, 1
2155, 1, 1
21A217, 1, 1
21A218, 1, 1
21A233, 1, 1
909036, 1, 1
21A036, 1, 1
729022, 1, 1
729023, 1, 1
729024, 1, 1
729025, 1, 1
729026, 1, 1
C29004, 1, 1
C29020, 1, 1
C29021, 1, 1
C29022, 1, 1
C29023, 1, 1
C29024, 1, 1
C29025, 1, 1
C29026, 1, 1
C29027, 1, 1
C29005, 1, 1
C29006, 1, 1
C29007, 1, 1
C29008, 1, 1
C29009, 1, 1
C29010, 1, 1
C29011, 1, 1
C29012, 1, 1
C29013, 1, 1
C29014, 1, 1
C29015, 1, 1
C29016, 1, 1
C29017, 1, 1
C29018, 1, 1
C29019, 1, 1
C29050, 1, 1
C29051, 1, 1
C29052, 1, 1
C29053, 1, 1
C29054, 1, 1
C29055, 1, 1
C29056, 1, 1
C29057, 1, 1
C29058, 1, 1
C29059, 1, 1
C29060, 1, 1
C29061, 1, 1
979058, 1, 1
979060, 1, 1
979067, 1, 1
A69002, 1, 1
A69003, 1, 1
A69004, 1, 1
A69006, 1, 1
A69007, 1, 1
200001, 1, 1
21A020, 1, 1
